length: 50 [100.0, 100.0, 100.0, 100.0, 100.0, 100.0, 100.0, 100.0, 100.0, 100.0, 100.0, 100.0, 100.0, 100.0, 100.0, 100
.0, 100.0, 100.0, 100.0, 100.0, 100.0, 99.82244897959184, 100.0, 100.0, 99.92142857142856, 100.0, 99.92714285714287, 99.
9295918367347, 99.93204081632653, 100.0, 99.80897959183675, 99.56714285714285, 99.82000000000001, 99.7081632653061, 99.7
730612244898, 100.0, 99.94632653061224, 99.84326530612245, 99.74489795918367, 99.60163265306123, 99.56285714285713, 99.2
4020408163267, 99.53653061224492, 99.59224489795919, 99.24673469387756, 99.34836734693877, 98.55489795918368, 98.8759183
6734696, 98.53061224489795]
score: [30.857142857142858, 47.42857142857143, 59.08163265306123, 77.34693877551021, 82.42857142857143, 99.6326530612244
9, 117.59183673469387, 133.18367346938774, 147.08163265306123, 161.53061224489795, 165.26530612244898, 187.8979591836734
6, 204.75510204081633, 214.0408163265306, 217.6530612244898, 233.77551020408163, 241.6734693877551, 261.6530612244898, 2
76.6326530612245, 295.3265306122449, 304.16326530612247, 309.3265306122449, 335.7959183673469, 352.1224489795918, 356.53
061224489795, 379.0816326530612, 390.9183673469388, 393.48979591836735, 426.81632653061223, 429.1020408163265, 456.18367
346938777, 492.6938775510204, 493.0204081632653, 497.9591836734694, 538.0408163265306, 540.795918367347, 569.59183673469
39, 571.4897959183673, 598.3265306122449, 631.5510204081633, 638.7551020408164, 654.0612244897959, 671.9795918367347, 71
4.8163265306123, 720.0816326530612, 734.7755102040817, 730.3469387755102, 758.795918367347, 764.0408163265306]