length: 50 [100.0, 100.0, 100.0, 100.0, 100.0, 100.0, 100.0, 100.0, 100.0, 100.0, 100.0, 100.0, 100.0, 100.0, 100.0, 100
.0, 100.0, 100.0, 100.0, 100.0, 100.0, 99.91122448979591, 99.91489795918368, 100.0, 100.0, 99.92448979591838, 99.8542857
1428572, 100.0, 99.93204081632653, 100.0, 99.8726530612245, 99.87632653061226, 99.93999999999998, 99.88326530612244, 99.
7730612244898, 99.55857142857144, 99.78530612244897, 100.0, 99.43877551020408, 99.7012244897959, 99.75714285714285, 99.4
775510204082, 99.4438775510204, 98.82122448979591, 98.4034693877551, 99.08755102040814, 98.98, 99.16734693877552, 98.489
79591836735]
score: [31.142857142857142, 44.40816326530612, 58.36734693877551, 75.16326530612245, 86.44897959183673, 101.367346938775
51, 108.61224489795919, 124.89795918367346, 148.9795918367347, 157.71428571428572, 165.3673469387755, 174.55102040816325
, 190.16326530612244, 200.79591836734693, 218.3265306122449, 225.9591836734694, 246.6122448979592, 255.6326530612245, 27
2.7755102040816, 285.83673469387753, 290.1020408163265, 311.1224489795918, 312.6530612244898, 339.734693877551, 359.1224
489795918, 363.9795918367347, 379.3061224489796, 391.6326530612245, 427.0408163265306, 422.3673469387755, 440.3061224489
796, 459.7142857142857, 485.9387755102041, 485.40816326530614, 503.48979591836735, 539.2857142857143, 534.7142857142857,
 573.2857142857143, 573.1224489795918, 600.1428571428571, 640.7142857142857, 637.9795918367347, 645.1632653061224, 671.8
979591836735, 694.1836734693877, 702.8775510204082, 718.6938775510204, 743.1836734693877, 753.6734693877551]